-0.0003210275419053395
-0.0023828314500342826
-0.0021790723005968692
-0.00025315555529739555
0.0014608798388808825
0.00031675264954697074
0.0008592627078347092
-0.00004075786644602127
-0.0019196753044743058
0.00014700900785804747
-0.000814093806222966
-9.377226977314716e-6
-0.0011914253972214984
-0.0024278128666935677
0.004793601911095265
0.03070162318369166
0.09922116936493423
0.2227986278321292
0.39255608267163405
0.576632316733025
0.7427435712874707
0.870300786612249
0.9521883950815159
0.9912019127355206
1.
0.9865716064966721
0.9613287941634446
0.9269167338854746
0.8860327659268721
0.8437543505466231
0.7991497418491119
0.7509263198410935
0.7060339788745497
0.6626049664784074
0.6243834848168687
0.5842413801640244
0.5482527614625197
0.513034332170104
0.48083987856420973
0.44908986827109576
0.4217306946654008
0.3973672087332673
0.3746361689099382
0.3526253828062447
0.3310368217269476
0.31190527583664074
0.29415021419688564
0.2780043621562019
0.26359178315519616
0.24832608936278552
0.23503305536378857
0.22267811611466934
0.20969850531018425
0.19965606430067231
0.19019288975137005
0.18163067444029615
0.17517591959598328
0.16722319259572363
0.15917502217244606
0.15048581424906576
0.14403126982696873
0.13762876757365194
0.13251821142605902
0.12706255820390744
0.12205538321987239
0.11721525073631055
0.11091136469056485
0.10755342515785236
0.10500268668220085
0.10475398876474674
0.10025875698751505
0.09720109005095162
0.09350367907433757
0.09151911010298495
0.08704503965708786
0.08247882541918224
0.07976536111937112
0.07744901808297018
0.0755341363410853
0.0731948952061831
0.07247172692533871
0.07029852152973858
0.06841235063746974
0.0670041948477352
0.06419278172722366
0.06284987836937703
0.06082466037392176
0.061059871095947627
0.059057453622659926
0.05749680310044459
0.055600565106568516
0.05530845364030822
0.054261028881767114
0.05143220596133575
0.052430833139290534
0.049636263194937684
0.048265602902754785
0.047211705729918896
0.044561420023248755
0.044087754326709
0.04299915080974184
0.04223516958766251
0.0395792760849513
0.037836257453276956
0.037201602420709565
0.0362439899425658
0.03706189916650403
0.0364257091008889
0.037345938784367025
0.03712996941581726
0.03810730733977752
0.03828254451961796
0.036969856055143
0.03656791244042749
0.03549132578641898
0.03364287410512248
0.03329679040622971
0.03241614705902804
0.031726723457872155
0.03020508873263022
0.028889070191977756
0.02802613193916572
0.02888829610106058
0.029518961139483012
0.029968431689827716
0.02866715832728514
0.026441848403986275
0.025087611570007367
0.025260725013118324
0.025242652060381825
0.01585071834452888